10,136
10,164
10,186
10,16
10,94
10,122
10,84
10,168
11,8
11,20
11,14
11,18
11,6
8,8
8,6
8,2
8,3
20,3
20,2
20,1
19,3
19,2
19,1
18,3
18,1
14,3
14,1
13,1
12,3
13,3
12,2
12,1
11,29
11,28
11,27
11,26
11,25
11,24
11,23
11,22
11,21
11,15
11,9
11,7
11,3
11,2
11,1
10,282
10,267
10,247
10,245
10,226
10,220
10,201
10,178
10,163
10,158
10,156
10,135
10,77
10,71
10,18
10,3
10,2
10,1
9,7
9,6
9,5
9,4
9,3
9,2
9,1
8,18
8,16
8,15
8,14
2,2
2,1
8,13
2,3
8,12
8,1
8,5
3,3
3,2
3,1
0,9
0,0
37,34
37,33
37,32
37,31
37,30
